step,train_loss,train_accuracy,valid_loss,valid_mean_token_accuracy,train_mean_reward,full_validation_mean_reward
1,1.4229,0.668,,,,
2,1.61581,0.63946,,,,
3,1.43072,0.65806,,,,
4,1.36953,0.68595,,,,
5,1.75104,0.62037,,,,
6,1.00235,0.74126,,,,
7,1.11071,0.72358,,,,
8,1.01096,0.73251,,,,
9,0.96944,0.74138,,,,
10,0.83668,0.74806,1.01301,0.74107,,
11,0.73233,0.77519,,,,
12,0.62766,0.79675,,,,
13,0.57074,0.80894,,,,
14,0.48354,0.85081,,,,
15,0.38841,0.86207,,,,
16,0.83911,0.79259,,,,
17,0.2739,0.93089,,,,
18,0.1977,0.94492,,,,
19,0.16092,0.95565,,,,
20,0.16634,0.96124,1.31336,0.73451,,
21,0.65619,0.85806,,,,
22,0.14871,0.95951,,,,
23,1.05276,0.73148,,,,
24,1.24724,0.73394,,,,
25,0.13692,0.96787,,,,
26,0.81557,0.80357,,,,
27,0.67655,0.77444,,,,
28,0.55299,0.82407,,,,
29,0.45258,0.85965,,,,
30,0.17708,0.95669,0.3121,0.88679,,
31,0.15025,0.96356,,,,
32,0.33396,0.88889,,,,
33,0.57376,0.81884,,,,
34,0.10833,0.97154,,,,
35,0.36532,0.86364,,,,
36,0.37469,0.875,,,,
37,0.09407,0.95935,,,,
38,0.07593,0.96983,,,,
39,0.08423,0.97581,,,,
40,0.21284,0.93388,0.17943,0.92727,,
41,0.30254,0.89474,,,,
42,0.49355,0.85841,,,,
43,0.07713,0.98326,,,,
44,0.40005,0.94378,,,,
45,0.05217,0.99194,,,,
46,0.36824,0.86667,,,,
47,0.04522,0.98729,,,,
48,0.19902,0.92727,,,,
49,0.04385,0.99595,,,,
50,0.19834,0.92857,0.17675,0.92593,,
51,0.03776,0.9845,,,,
52,0.05054,0.9878,,,,
53,0.5281,0.87742,,,,
54,0.09457,0.964,,,,
55,0.06498,0.97571,,,,
56,0.05496,0.9876,,,,
57,0.03491,0.99194,,,,
58,0.0296,0.99593,,,,
59,0.02494,0.99187,,,,
60,0.35724,0.89381,0.22931,0.93694,,
61,0.03804,0.98374,,,,
62,0.0286,0.99225,,,,
63,0.07169,0.97638,,,,
64,0.03891,0.99138,,,,
65,0.13675,0.95868,,,,
66,0.07579,0.98374,,,,
67,0.17571,0.94444,,,,
68,0.32295,0.88722,,,,
69,0.08979,0.97531,,,,
70,0.03032,0.98326,0.11281,0.9569,,
71,0.15077,0.9537,,,,
72,0.05969,0.98374,,,,
73,0.21522,0.92982,,,,
74,0.03634,0.99225,,,,
75,0.19785,0.94495,,,,
76,0.35637,0.8797,,,,
77,0.24836,0.95582,,,,
78,0.44814,0.89032,,,,
79,0.14045,0.94872,,,,
80,0.02935,0.98276,0.20458,0.91304,,
81,0.36892,0.87963,,,,
82,0.20775,0.93382,,,,
83,0.02582,0.98707,,,,
84,0.07134,0.97189,,,,
85,0.45284,0.87681,,,,
86,0.6282,0.85034,,,,
87,0.3035,0.88811,,,,
88,0.0415,0.98387,,,,
89,0.05151,0.97942,,,,
90,0.19374,0.90977,0.17903,0.91589,,
91,0.24321,0.9021,,,,
92,0.03236,0.99225,,,,
93,0.03081,0.9878,,,,
94,0.02605,0.99593,,,,
95,0.12668,0.96296,,,,
96,0.0152,1.0,,,,
97,0.01202,1.0,,,,
98,0.02467,0.9919,,,,
99,0.17656,0.9759,,,,
100,0.01684,0.99187,0.19434,0.92174,,
101,0.05411,0.98425,,,,
102,0.14913,0.92727,,,,
103,0.02686,0.9879,,,,
104,0.05616,0.98381,,,,
105,0.02471,0.9879,,,,
106,0.04718,0.98795,,,,
107,0.05288,0.97967,,,,
108,0.24587,0.89815,,,,
109,0.14253,0.92661,,,,
110,0.05148,0.984,0.11427,0.94545,,
111,0.00625,1.0,,,,
112,0.44517,0.8913,,,,
113,0.07302,0.97521,,,,
114,0.02261,0.99174,,,,
115,0.01227,0.99582,,,,
116,0.03924,0.97881,,,,
117,0.64733,0.87755,,,,
118,0.31749,0.90968,,,,
119,0.14366,0.94872,,,,
120,0.28234,0.88722,0.16453,0.97297,,
121,0.01827,0.99597,,,,
122,0.207,0.9292,,,,
123,0.18274,0.91912,,,,
124,0.03275,0.9878,,,,
125,0.01876,0.99225,,,,
126,0.33503,0.89677,,,,
127,0.10932,0.95536,,,,
128,0.01254,1.0,,,,
129,0.01813,0.99225,,,,
130,0.13649,0.95614,0.14428,0.93458,,
131,0.28504,0.91111,,,,
132,0.11114,0.96296,0.11504,0.95283,,
